3514
3400
2914
2601
2567
2518
2413
2378
2296
2179
2139
2041
2008
1910
1759
1576
1533
1528
1527
1522
1509
1452
1402
1399
1385
1337
1306
1286
1246
1235
1217
1186
1147
1140
1136
1131
1123
1112
1101
1098
1076
1068
1067
1066
1054
1016
1008
996
996
980
978
950
948
929
923
916
915
910
903
887
880
875
872
867
866
861
843
823
804
799
773
773
772
763
762
762
758
755
743
741
733
692
687
686
671
667
651
641
631
624
621
607
569
562
557
549
544
532
523
519
514
511
505
489
486
474
461
461
453
448
441
424
420
417
415
411
408
404
402
399
398
398
393
391
387
383
380
370
362
362
359
359
356
350
348
347
345
336
336
335
330
330
329
321
320
316
314
312
311
304
298
296
288
286
282
282
279
277
275
274
270
268
267
264
261
260
259
252
251
250
243
242
241
240
240
240
240
239
238
237
237
231
227
227
223
222
222
221
221
219
217
215
214
213
209
209
209
204
204
203
202
201
201
199
198
195
194
193
193
185
185
184
184
184
184
183
183
181
180
176
175
175
171
167
167
167
164
163
163
160
160
159
159
156
156
155
154
152
150
150
150
149
148
147
147
146
144
143
142
142
141
141
140
139
139
139
139
138
135
134
133
133
132
132
127
127
126
124
124
123
121
121
121
121
120
120
119
118
118
118
118
115
115
115
114
114
114
113
112
111
111
111
110
108
107
105
105
105
104
103
101
101
101
101
100
100
99
99
98
97
97
96
95
94
90
90
90
86
84
83
78
75
72
72
69
67
67
66
66
66
65
64
63
63
63
62
62
61
61
61
61
60
60
59
59
59
58
58
58
58
58
57
57
57
56
56
56
56
56
56
56
56
56
55
54
54
53
53
51